opening connection
opening buffer
{'weights': [[(2,), (2,), (2,), (2,)], [(2, 16), (16,)], [(16,), (16,), (16,), (16,)], [(16, 13), (13,)], [(13,), (13,), (13,), (13,)], [(13, 12), (12,)], [(12,), (12,), (12,), (12,)], [(12, 3), (3,)]], 'moments': [[(0, 2), (0, 2), (1, 2), (1, 2)], [(1, 2, 16), (1, 16)], [(0, 16), (0, 16), (1, 16), (1, 16)], [(1, 16, 13), (1, 13)], [(0, 13), (0, 13), (1, 13), (1, 13)], [(1, 13, 12), (1, 12)], [(0, 12), (0, 12), (1, 12), (1, 12)], [(1, 12, 3), (1, 3)]]}
{'weights': [[Array([0., 0.], dtype=float32), Array([1., 1.], dtype=float32), Array([0., 0.], dtype=float32), Array([1., 1.], dtype=float32)], [Array([[-0.5338914 ,  0.8417911 ,  0.8115571 ,  0.05308708,  0.72478807,
        -0.5391156 , -0.21932149,  0.5509203 ,  0.16972555,  1.1971722 ,
        -1.0609422 ,  0.28213271, -1.0543169 ,  1.0187539 , -0.42167255,
        -2.5889838 ],
       [ 0.3031899 , -0.7655693 ,  1.3062729 , -0.7149365 , -0.18686387,
        -1.8082983 , -0.46174228,  0.17252915,  0.43107846,  0.2948003 ,
        -0.8942256 , -0.30150604,  0.27695706, -1.4905776 , -0.5799751 ,
         0.9487235 ]], dtype=float32), Array([ 0.08482574,  1.9097648 ,  0.29561743,  1.120948  ,  0.33432344,
       -0.82606775,  0.6481277 ,  1.0434873 , -0.7824839 , -0.4539462 ,
        0.6297971 ,  0.81524646, -0.32787678, -1.1234448 , -1.6607416 ,
        0.27290547], dtype=float32)], [Array([0., 0., 0., 0., 0., 0., 0., 0., 0., 0., 0., 0., 0., 0., 0., 0.],      dtype=float32), Array([1., 1., 1., 1., 1., 1., 1., 1., 1., 1., 1., 1., 1., 1., 1., 1.],      dtype=float32), Array([0., 0., 0., 0., 0., 0., 0., 0., 0., 0., 0., 0., 0., 0., 0., 0.],      dtype=float32), Array([1., 1., 1., 1., 1., 1., 1., 1., 1., 1., 1., 1., 1., 1., 1., 1.],      dtype=float32)], [Array([[ 0.06615567,  1.658409  ,  0.72427523, -0.9811798 , -3.3598197 ,
        -0.8063184 ,  1.2745596 , -1.6601639 ,  1.7796134 ,  0.97193044,
        -0.8715246 ,  0.5282811 ,  0.6141946 ],
       [-0.24147286, -0.51271254,  0.06529174,  0.48230177,  0.46567366,
        -0.10779367, -0.5763057 , -0.81977177, -0.3649979 ,  0.20951614,
         1.1538799 ,  0.09594184, -0.74161804],
       [ 0.22776319,  0.87655926,  0.58845186,  0.97299767,  1.7841637 ,
         0.36793748, -1.5068102 , -0.6757514 ,  0.54521   ,  1.7715423 ,
         0.0882132 ,  1.0376112 ,  0.7612893 ],
       [ 0.84919953, -0.09550462, -0.939079  , -0.37896594,  0.05215259,
        -0.8526545 , -0.9162382 ,  1.4050756 ,  0.47129065,  0.9272266 ,
         1.0523926 ,  1.7073368 ,  1.1890501 ],
       [-0.8825819 , -1.1664139 , -0.20949093,  2.542703  , -0.03762522,
        -0.42418605,  0.7675096 , -2.5474236 , -0.40767246, -1.2916273 ,
        -0.2635441 ,  0.6784167 , -0.91206586],
       [-0.01310028, -0.24714527,  0.9439778 ,  0.31269366, -0.4582224 ,
        -0.18657501, -1.0360025 ,  0.83061767,  1.4891882 , -1.0528522 ,
        -0.16113336, -0.4370513 ,  0.08580972],
       [ 1.2672241 , -0.44040287,  0.6766826 , -0.24133134,  1.3289334 ,
         0.29211742, -1.658878  ,  1.054438  , -0.20394087,  1.9753101 ,
        -0.8540604 , -0.5033256 ,  0.46444544],
       [ 2.557097  , -1.1218488 ,  1.7302628 ,  0.13447255, -0.4346477 ,
         1.7978758 , -0.06229676,  1.1369883 , -0.9341768 , -0.17516793,
        -0.8849469 , -0.6611991 , -0.7268468 ],
       [-1.3768424 , -0.90373415, -1.812409  ,  1.254713  ,  0.14750518,
        -0.8589708 , -1.0670857 ,  0.34187692, -0.34749487,  1.0351664 ,
         0.28241134,  1.0163339 , -0.03636904],
       [-0.1793359 ,  0.1783362 ,  1.1216507 , -0.00816659, -0.8652459 ,
        -1.2152247 , -1.0596495 ,  0.3822076 , -0.8492653 ,  1.0314263 ,
         1.6371909 , -1.1296898 ,  1.3671963 ],
       [-0.17385939,  0.36658657, -0.27819538, -1.1651487 , -0.21059339,
        -1.566829  ,  0.00786851, -1.3383039 , -1.4055204 , -0.162771  ,
        -1.1637355 ,  0.45574772, -0.42286816],
       [ 2.4892354 , -0.4114098 , -0.25128183, -1.2521472 ,  0.38081446,
        -0.4636669 ,  0.1159735 , -0.34184068, -1.0607507 , -1.3699516 ,
         0.13331658,  2.3539684 , -0.24642813],
       [-0.8212642 ,  1.0179024 ,  0.8220103 ,  0.23100245, -0.9658258 ,
        -0.65663445,  1.9210106 ,  0.29692438,  0.3070157 ,  2.7290409 ,
         0.5895512 ,  0.7955874 ,  0.6571711 ],
       [ 0.02712848, -0.37842888,  0.9541494 ,  1.2339145 , -0.85650504,
         0.12708752,  0.46695554,  0.6644644 , -1.0272348 ,  1.4744092 ,
        -0.9747547 , -0.4189542 ,  0.6197795 ],
       [-0.43911853, -0.31279328, -1.5067793 , -1.604272  , -0.6531157 ,
         0.66200966,  0.06099251,  0.8904656 ,  0.04676437,  0.5013599 ,
         2.273499  ,  0.91164863, -0.07662485],
       [-0.41012037,  2.0591774 ,  1.503873  ,  2.1276844 ,  0.45719093,
         0.3040144 , -0.19678856, -0.18258175,  0.2167194 , -1.5425986 ,
        -0.66991633,  0.18664297,  0.23940301]], dtype=float32), Array([ 0.33864233, -0.59818536,  2.2923188 ,  0.27937323,  1.8850193 ,
       -2.0901566 ,  0.373061  , -1.4901258 , -0.36357507, -0.79415077,
        1.3322464 ,  1.3513467 ,  1.2810173 ], dtype=float32)], [Array([0., 0., 0., 0., 0., 0., 0., 0., 0., 0., 0., 0., 0.], dtype=float32), Array([1., 1., 1., 1., 1., 1., 1., 1., 1., 1., 1., 1., 1.], dtype=float32), Array([0., 0., 0., 0., 0., 0., 0., 0., 0., 0., 0., 0., 0.], dtype=float32), Array([1., 1., 1., 1., 1., 1., 1., 1., 1., 1., 1., 1., 1.], dtype=float32)], [Array([[-0.91709644,  0.00299718, -0.9431056 , -0.59693223, -0.49331546,
         0.87539667, -1.3971235 ,  1.1295923 ,  1.0545322 , -0.24773744,
         1.060473  , -0.7728977 ],
       [ 0.26538172, -2.104612  , -0.7025716 ,  2.3472087 ,  0.1130743 ,
         0.4830958 , -0.35752556, -1.4810035 , -0.03756781, -0.19864883,
        -0.81310624,  0.35639897],
       [-0.7772593 , -0.00346587, -0.875201  , -0.18418594,  0.15215494,
        -0.09228989,  0.22115119,  0.89789695,  1.9291725 , -0.128782  ,
         0.30883577, -0.13676134],
       [-0.86231863,  0.24942371,  0.49291134,  0.97651565,  1.0120975 ,
        -0.05756942, -1.2409636 , -0.5616273 , -0.6372184 ,  0.32888862,
         0.7693309 , -0.76893073],
       [ 0.22029144,  0.19758514,  1.0619013 , -1.0405893 ,  0.9458943 ,
         0.586177  ,  0.33083633, -1.2178382 , -1.1437993 ,  0.34478626,
         1.5334842 ,  0.74567795],
       [ 0.48890954, -1.758326  , -0.8205757 , -0.89504033, -0.01390984,
        -1.7476988 ,  0.02293392,  0.4717044 ,  1.0975853 , -0.9908251 ,
        -2.3954082 , -0.73857343],
       [-2.4126885 ,  0.09655485,  1.3176851 ,  0.6868377 ,  1.3907262 ,
        -1.0275229 , -0.45758858,  0.9159606 ,  1.8199083 , -2.7860844 ,
         0.36876157,  0.42527422],
       [ 0.19482437, -0.76286674, -0.42820337,  0.14713122,  0.679826  ,
         2.375737  ,  2.0835686 ,  2.1412024 , -0.22171451,  0.6501684 ,
        -0.5333142 ,  0.09226453],
       [ 1.4093335 , -0.19414939,  1.9469494 , -2.1673281 , -0.6423861 ,
        -0.9725001 , -0.08542718,  0.54467165,  0.59255844, -1.220168  ,
        -0.71984893, -0.6912601 ],
       [ 0.38317764,  0.7216985 ,  0.95033085,  1.0003364 ,  1.2062519 ,
        -0.28697047,  0.22680984,  0.43448174,  0.37012345, -0.14794971,
        -0.5584905 ,  0.82584226],
       [ 0.19077407,  0.50689155, -0.23505796,  0.9086337 , -0.93951327,
        -0.20672898,  2.008242  ,  0.06825899,  0.30927333, -0.15827546,
        -0.78961664, -0.33863744],
       [-1.3285775 , -0.7551235 , -0.7878323 , -0.29987502, -1.4696909 ,
        -0.4307193 , -0.08820193, -0.45060283, -1.1386087 ,  0.11843104,
        -0.57051015, -1.2454453 ],
       [-1.3807602 , -0.00332094,  0.33487996, -1.6146677 , -0.27454174,
        -0.11542495,  1.1867996 , -0.26925015, -0.13552871, -2.3118296 ,
         0.7911367 , -0.12571023]], dtype=float32), Array([ 1.1901639 , -1.0996888 ,  0.44367844,  0.5984697 , -0.39189556,
        0.69261974,  0.46018356, -2.068578  , -0.21438177, -0.9898306 ,
       -0.6789304 ,  0.27362573], dtype=float32)], [Array([0., 0., 0., 0., 0., 0., 0., 0., 0., 0., 0., 0.], dtype=float32), Array([1., 1., 1., 1., 1., 1., 1., 1., 1., 1., 1., 1.], dtype=float32), Array([0., 0., 0., 0., 0., 0., 0., 0., 0., 0., 0., 0.], dtype=float32), Array([1., 1., 1., 1., 1., 1., 1., 1., 1., 1., 1., 1.], dtype=float32)], [Array([[-0.,  0.,  0.],
       [ 0., -0.,  0.],
       [ 0.,  0., -0.],
       [-0., -0., -0.],
       [-0.,  0., -0.],
       [ 0.,  0., -0.],
       [ 0.,  0., -0.],
       [ 0.,  0.,  0.],
       [-0.,  0., -0.],
       [-0.,  0., -0.],
       [ 0.,  0.,  0.],
       [ 0., -0., -0.]], dtype=float32), Array([ 0., -0.,  0.], dtype=float32)]], 'moments': [[Array([], dtype=float32), Array([], dtype=float32), Array([[0., 0.]], dtype=float32), Array([[0.1, 0.1]], dtype=float32)], [Array([[[-0.05338914,  0.08417911,  0.08115571,  0.00530871,
          0.07247881, -0.05391156, -0.02193215,  0.05509203,
          0.01697255,  0.11971722, -0.10609422,  0.02821327,
         -0.10543169,  0.10187539, -0.04216726, -0.25889838],
        [ 0.03031899, -0.07655694,  0.13062729, -0.07149365,
         -0.01868639, -0.18082984, -0.04617423,  0.01725291,
          0.04310785,  0.02948003, -0.08942256, -0.03015061,
          0.02769571, -0.14905776, -0.05799751,  0.09487235]]],      dtype=float32), Array([[ 0.00848257,  0.19097649,  0.02956174,  0.1120948 ,  0.03343235,
        -0.08260678,  0.06481277,  0.10434873, -0.07824839, -0.04539462,
         0.06297971,  0.08152465, -0.03278768, -0.11234448, -0.16607416,
         0.02729055]], dtype=float32)], [Array([], dtype=float32), Array([], dtype=float32), Array([[0., 0., 0., 0., 0., 0., 0., 0., 0., 0., 0., 0., 0., 0., 0., 0.]],      dtype=float32), Array([[0.1, 0.1, 0.1, 0.1, 0.1, 0.1, 0.1, 0.1, 0.1, 0.1, 0.1, 0.1, 0.1,
        0.1, 0.1, 0.1]], dtype=float32)], [Array([[[ 0.00661557,  0.16584091,  0.07242753, -0.09811798,
         -0.33598197, -0.08063184,  0.12745596, -0.16601638,
          0.17796133,  0.09719305, -0.08715246,  0.05282811,
          0.06141946],
        [-0.02414729, -0.05127126,  0.00652917,  0.04823018,
          0.04656737, -0.01077937, -0.05763057, -0.08197718,
         -0.03649979,  0.02095161,  0.11538799,  0.00959418,
         -0.07416181],
        [ 0.02277632,  0.08765592,  0.05884519,  0.09729977,
          0.17841637,  0.03679375, -0.15068102, -0.06757514,
          0.054521  ,  0.17715423,  0.00882132,  0.10376113,
          0.07612893],
        [ 0.08491995, -0.00955046, -0.0939079 , -0.0378966 ,
          0.00521526, -0.08526545, -0.09162382,  0.14050756,
          0.04712906,  0.09272266,  0.10523926,  0.17073368,
          0.11890501],
        [-0.08825819, -0.11664139, -0.02094909,  0.2542703 ,
         -0.00376252, -0.04241861,  0.07675096, -0.25474235,
         -0.04076725, -0.12916273, -0.02635441,  0.06784167,
         -0.09120659],
        [-0.00131003, -0.02471453,  0.09439778,  0.03126937,
         -0.04582224, -0.0186575 , -0.10360026,  0.08306177,
          0.14891882, -0.10528522, -0.01611334, -0.04370513,
          0.00858097],
        [ 0.12672241, -0.04404029,  0.06766826, -0.02413313,
          0.13289334,  0.02921174, -0.1658878 ,  0.1054438 ,
         -0.02039409,  0.19753101, -0.08540604, -0.05033256,
          0.04644455],
        [ 0.2557097 , -0.11218488,  0.17302628,  0.01344725,
         -0.04346477,  0.17978758, -0.00622968,  0.11369883,
         -0.09341768, -0.01751679, -0.08849469, -0.06611991,
         -0.07268468],
        [-0.13768424, -0.09037342, -0.1812409 ,  0.12547131,
          0.01475052, -0.08589708, -0.10670858,  0.03418769,
         -0.03474949,  0.10351664,  0.02824113,  0.10163339,
         -0.0036369 ],
        [-0.01793359,  0.01783362,  0.11216507, -0.00081666,
         -0.08652459, -0.12152248, -0.10596495,  0.03822076,
         -0.08492653,  0.10314263,  0.1637191 , -0.11296898,
          0.13671963],
        [-0.01738594,  0.03665866, -0.02781954, -0.11651488,
         -0.02105934, -0.1566829 ,  0.00078685, -0.1338304 ,
         -0.14055204, -0.0162771 , -0.11637355,  0.04557477,
         -0.04228682],
        [ 0.24892354, -0.04114098, -0.02512818, -0.12521473,
          0.03808145, -0.04636669,  0.01159735, -0.03418407,
         -0.10607507, -0.13699517,  0.01333166,  0.23539685,
         -0.02464281],
        [-0.08212642,  0.10179024,  0.08220103,  0.02310025,
         -0.09658258, -0.06566345,  0.19210106,  0.02969244,
          0.03070157,  0.2729041 ,  0.05895512,  0.07955875,
          0.06571711],
        [ 0.00271285, -0.03784289,  0.09541494,  0.12339145,
         -0.0856505 ,  0.01270875,  0.04669556,  0.06644645,
         -0.10272348,  0.14744093, -0.09747547, -0.04189542,
          0.06197795],
        [-0.04391186, -0.03127933, -0.15067793, -0.1604272 ,
         -0.06531157,  0.06620096,  0.00609925,  0.08904656,
          0.00467644,  0.05013599,  0.2273499 ,  0.09116486,
         -0.00766248],
        [-0.04101204,  0.20591775,  0.1503873 ,  0.21276844,
          0.04571909,  0.03040144, -0.01967886, -0.01825817,
          0.02167194, -0.15425986, -0.06699163,  0.0186643 ,
          0.0239403 ]]], dtype=float32), Array([[ 0.03386423, -0.05981854,  0.22923188,  0.02793732,  0.18850194,
        -0.20901565,  0.0373061 , -0.14901258, -0.03635751, -0.07941508,
         0.13322465,  0.13513468,  0.12810174]], dtype=float32)], [Array([], dtype=float32), Array([], dtype=float32), Array([[0., 0., 0., 0., 0., 0., 0., 0., 0., 0., 0., 0., 0.]], dtype=float32), Array([[0.1, 0.1, 0.1, 0.1, 0.1, 0.1, 0.1, 0.1, 0.1, 0.1, 0.1, 0.1, 0.1]],      dtype=float32)], [Array([[[-0.09170964,  0.00029972, -0.09431056, -0.05969322,
         -0.04933155,  0.08753967, -0.13971235,  0.11295923,
          0.10545322, -0.02477374,  0.1060473 , -0.07728978],
        [ 0.02653817, -0.21046121, -0.07025716,  0.23472087,
          0.01130743,  0.04830958, -0.03575256, -0.14810036,
         -0.00375678, -0.01986488, -0.08131062,  0.0356399 ],
        [-0.07772593, -0.00034659, -0.0875201 , -0.01841859,
          0.01521549, -0.00922899,  0.02211512,  0.0897897 ,
          0.19291726, -0.0128782 ,  0.03088358, -0.01367613],
        [-0.08623186,  0.02494237,  0.04929113,  0.09765156,
          0.10120975, -0.00575694, -0.12409636, -0.05616273,
         -0.06372184,  0.03288886,  0.07693309, -0.07689308],
        [ 0.02202914,  0.01975851,  0.10619014, -0.10405894,
          0.09458943,  0.0586177 ,  0.03308363, -0.12178382,
         -0.11437993,  0.03447863,  0.15334843,  0.07456779],
        [ 0.04889096, -0.17583261, -0.08205757, -0.08950403,
         -0.00139098, -0.17476988,  0.00229339,  0.04717044,
          0.10975853, -0.09908251, -0.23954082, -0.07385734],
        [-0.24126886,  0.00965548,  0.13176851,  0.06868377,
          0.13907263, -0.10275229, -0.04575886,  0.09159606,
          0.18199083, -0.27860844,  0.03687616,  0.04252742],
        [ 0.01948244, -0.07628667, -0.04282034,  0.01471312,
          0.06798261,  0.2375737 ,  0.20835686,  0.21412025,
         -0.02217145,  0.06501684, -0.05333142,  0.00922645],
        [ 0.14093335, -0.01941494,  0.19469494, -0.21673281,
         -0.06423861, -0.09725001, -0.00854272,  0.05446717,
          0.05925585, -0.1220168 , -0.07198489, -0.06912601],
        [ 0.03831777,  0.07216986,  0.09503309,  0.10003364,
          0.12062519, -0.02869705,  0.02268098,  0.04344818,
          0.03701235, -0.01479497, -0.05584905,  0.08258422],
        [ 0.01907741,  0.05068916, -0.0235058 ,  0.09086337,
         -0.09395133, -0.0206729 ,  0.20082419,  0.0068259 ,
          0.03092733, -0.01582755, -0.07896166, -0.03386375],
        [-0.13285775, -0.07551235, -0.07878324, -0.0299875 ,
         -0.1469691 , -0.04307193, -0.00882019, -0.04506028,
         -0.11386087,  0.0118431 , -0.05705101, -0.12454452],
        [-0.13807602, -0.00033209,  0.033488  , -0.16146676,
         -0.02745417, -0.01154249,  0.11867996, -0.02692502,
         -0.01355287, -0.23118296,  0.07911367, -0.01257102]]],      dtype=float32), Array([[ 0.11901639, -0.10996888,  0.04436785,  0.05984697, -0.03918956,
         0.06926198,  0.04601836, -0.2068578 , -0.02143818, -0.09898306,
        -0.06789304,  0.02736257]], dtype=float32)], [Array([], dtype=float32), Array([], dtype=float32), Array([[0., 0., 0., 0., 0., 0., 0., 0., 0., 0., 0., 0.]], dtype=float32), Array([[0.1, 0.1, 0.1, 0.1, 0.1, 0.1, 0.1, 0.1, 0.1, 0.1, 0.1, 0.1]],      dtype=float32)], [Array([[[-0.,  0.,  0.],
        [ 0., -0.,  0.],
        [ 0.,  0., -0.],
        [-0., -0., -0.],
        [-0.,  0., -0.],
        [ 0.,  0., -0.],
        [ 0.,  0., -0.],
        [ 0.,  0.,  0.],
        [-0.,  0., -0.],
        [-0.,  0., -0.],
        [ 0.,  0.,  0.],
        [ 0., -0., -0.]]], dtype=float32), Array([[ 0., -0.,  0.]], dtype=float32)]]}
epoch=0
Warning, safe mode activated
epoch=1
epoch=2
epoch=3
epoch=4
epoch=5
epoch=6
epoch=7
epoch=8
epoch=9
epoch=10
epoch=11
epoch=12
epoch=13
epoch=14
epoch=15
epoch=16
epoch=17
epoch=18
epoch=19
epoch=20
epoch=21
epoch=22
epoch=23
epoch=24
epoch=25
epoch=26
epoch=27
epoch=28
epoch=29
epoch=30
epoch=31
epoch=32
epoch=33
epoch=34
epoch=35
epoch=36
epoch=37
epoch=38
epoch=39
epoch=40
epoch=41
epoch=42
epoch=43
epoch=44
epoch=45
epoch=46
epoch=47
epoch=48
epoch=49
epoch=50
epoch=51
epoch=52
epoch=53
epoch=54
epoch=55
epoch=56
epoch=57
epoch=58
epoch=59
epoch=60
epoch=61
epoch=62
epoch=63
epoch=64
epoch=65
epoch=66
epoch=67
epoch=68
epoch=69
epoch=70
epoch=71
epoch=72
epoch=73
epoch=74
epoch=75
epoch=76
epoch=77
epoch=78
epoch=79
epoch=80
epoch=81
epoch=82
epoch=83
epoch=84
epoch=85
epoch=86
epoch=87
epoch=88
epoch=89
epoch=90
epoch=91
epoch=92
epoch=93
epoch=94
epoch=95
epoch=96
epoch=97
epoch=98
epoch=99
closing buffer and committing connexion
closing connection
execution of gunc took 259555.0ms
